Date,days,[38;5;9;1mElectricity[0m,kWh,kWh/d,eT,[38;5;11;1mGas[0m,m3,m3/d,gT,[38;5;14;1mWater[0m,kL,kL/d,wT
2014-10-14,0,63172,0,N/A,N/A,563,0,N/A,N/A,1070,0,N/A,N/A
2014-11-28,45,63381,209,4.64,[38;5;221mN/A[0m,787,224,4.98,[38;5;221mN/A[0m,1087,17,0.38,[38;5;221mN/A[0m
2015-01-12,45,63590,209,4.64,[38;5;221m0.00%[0m,1011,224,4.98,[38;5;221m0.00%[0m,1104,17,0.38,[38;5;221m0.00%[0m
2015-02-26,45,63799,209,4.64,[38;5;221m0.00%[0m,1235,224,4.98,[38;5;221m0.00%[0m,1121,17,0.38,[38;5;221m0.00%[0m
2015-04-12,45,64008,209,4.64,[38;5;221m0.00%[0m,1459,224,4.98,[38;5;221m0.00%[0m,1138,17,0.38,[38;5;221m0.00%[0m
2015-05-27,45,64217,209,4.64,[38;5;221m0.00%[0m,1683,224,4.98,[38;5;221m0.00%[0m,1155,17,0.38,[38;5;221m0.00%[0m
2015-07-11,45,64426,209,4.64,[38;5;221m0.00%[0m,1907,224,4.98,[38;5;221m0.00%[0m,1172,17,0.38,[38;5;221m0.00%[0m
2015-08-25,45,64635,209,4.64,[38;5;221m0.00%[0m,2131,224,4.98,[38;5;221m0.00%[0m,1189,17,0.38,[38;5;221m0.00%[0m
2015-10-09,45,64844,209,4.64,[38;5;221m0.00%[0m,2355,224,4.98,[38;5;221m0.00%[0m,1206,17,0.38,[38;5;221m0.00%[0m
2015-11-23,45,65053,209,4.64,[38;5;221m0.00%[0m,2579,224,4.98,[38;5;221m0.00%[0m,1223,17,0.38,[38;5;221m0.00%[0m
2016-01-07,45,65262,209,4.64,[38;5;221m0.00%[0m,2803,224,4.98,[38;5;221m0.00%[0m,1240,17,0.38,[38;5;221m0.00%[0m
2016-02-21,45,65471,209,4.64,[38;5;221m0.00%[0m,3027,224,4.98,[38;5;221m0.00%[0m,1257,17,0.38,[38;5;221m0.00%[0m
2016-04-06,45,65680,209,4.64,[38;5;221m0.00%[0m,3251,224,4.98,[38;5;221m0.00%[0m,1274,17,0.38,[38;5;221m0.00%[0m
2016-05-21,45,65889,209,4.64,[38;5;221m0.00%[0m,3475,224,4.98,[38;5;221m0.00%[0m,1291,17,0.38,[38;5;221m0.00%[0m
2016-07-05,45,66098,209,4.64,[38;5;221m0.00%[0m,3699,224,4.98,[38;5;221m0.00%[0m,1308,17,0.38,[38;5;221m0.00%[0m
2016-08-19,45,66307,209,4.64,[38;5;221m0.00%[0m,3923,224,4.98,[38;5;221m0.00%[0m,1325,17,0.38,[38;5;221m0.00%[0m
2016-10-03,45,66516,209,4.64,[38;5;221m0.00%[0m,4147,224,4.98,[38;5;221m0.00%[0m,1342,17,0.38,[38;5;221m0.00%[0m
2016-11-17,45,66725,209,4.64,[38;5;221m0.00%[0m,4371,224,4.98,[38;5;221m0.00%[0m,1359,17,0.38,[38;5;221m0.00%[0m
2017-01-01,45,66934,209,4.64,[38;5;221m0.00%[0m,4595,224,4.98,[38;5;221m0.00%[0m,1376,17,0.38,[38;5;221m0.00%[0m
2017-02-15,45,67143,209,4.64,[38;5;221m0.00%[0m,4819,224,4.98,[38;5;221m0.00%[0m,1393,17,0.38,[38;5;221m0.00%[0m
2017-04-01,45,67352,209,4.64,[38;5;221m0.00%[0m,5043,224,4.98,[38;5;221m0.00%[0m,1410,17,0.38,[38;5;221m0.00%[0m
2017-05-16,45,67561,209,4.64,[38;5;221m0.00%[0m,5267,224,4.98,[38;5;221m0.00%[0m,1427,17,0.38,[38;5;221m0.00%[0m
2017-06-30,45,67770,209,4.64,[38;5;221m0.00%[0m,5491,224,4.98,[38;5;221m0.00%[0m,1444,17,0.38,[38;5;221m0.00%[0m
2017-08-14,45,67979,209,4.64,[38;5;221m0.00%[0m,5715,224,4.98,[38;5;221m0.00%[0m,1461,17,0.38,[38;5;221m0.00%[0m
2017-09-28,45,68188,209,4.64,[38;5;221m0.00%[0m,5939,224,4.98,[38;5;221m0.00%[0m,1478,17,0.38,[38;5;221m0.00%[0m
2017-11-12,45,68397,209,4.64,[38;5;221m0.00%[0m,6163,224,4.98,[38;5;221m0.00%[0m,1495,17,0.38,[38;5;221m0.00%[0m
2017-12-27,45,68606,209,4.64,[38;5;221m0.00%[0m,6387,224,4.98,[38;5;221m0.00%[0m,1512,17,0.38,[38;5;221m0.00%[0m
2018-02-10,45,68815,209,4.64,[38;5;221m0.00%[0m,6611,224,4.98,[38;5;221m0.00%[0m,1529,17,0.38,[38;5;221m0.00%[0m
2018-03-27,45,69024,209,4.64,[38;5;221m0.00%[0m,6835,224,4.98,[38;5;221m0.00%[0m,1546,17,0.38,[38;5;221m0.00%[0m
2018-05-11,45,69233,209,4.64,[38;5;221m0.00%[0m,7059,224,4.98,[38;5;221m0.00%[0m,1563,17,0.38,[38;5;221m0.00%[0m
2018-06-25,45,69442,209,4.64,[38;5;221m0.00%[0m,7283,224,4.98,[38;5;221m0.00%[0m,1580,17,0.38,[38;5;221m0.00%[0m
2018-08-09,45,69651,209,4.64,[38;5;221m0.00%[0m,7507,224,4.98,[38;5;221m0.00%[0m,1597,17,0.38,[38;5;221m0.00%[0m
2018-09-23,45,69860,209,4.64,[38;5;221m0.00%[0m,7731,224,4.98,[38;5;221m0.00%[0m,1614,17,0.38,[38;5;221m0.00%[0m
2018-11-07,45,70069,209,4.64,[38;5;221m0.00%[0m,7955,224,4.98,[38;5;221m0.00%[0m,1631,17,0.38,[38;5;221m0.00%[0m
2018-12-22,45,70278,209,4.64,[38;5;221m0.00%[0m,8179,224,4.98,[38;5;221m0.00%[0m,1648,17,0.38,[38;5;221m0.00%[0m
2019-02-05,45,70487,209,4.64,[38;5;221m0.00%[0m,8403,224,4.98,[38;5;221m0.00%[0m,1665,17,0.38,[38;5;221m0.00%[0m
2019-03-22,45,70696,209,4.64,[38;5;221m0.00%[0m,8627,224,4.98,[38;5;221m0.00%[0m,1682,17,0.38,[38;5;221m0.00%[0m
2019-05-06,45,70905,209,4.64,[38;5;221m0.00%[0m,8851,224,4.98,[38;5;221m0.00%[0m,1699,17,0.38,[38;5;221m0.00%[0m
2019-06-20,45,71114,209,4.64,[38;5;221m0.00%[0m,9075,224,4.98,[38;5;221m0.00%[0m,1716,17,0.38,[38;5;221m0.00%[0m
2019-08-04,45,71323,209,4.64,[38;5;221m0.00%[0m,9299,224,4.98,[38;5;221m0.00%[0m,1733,17,0.38,[38;5;221m0.00%[0m
2019-09-18,45,71532,209,4.64,[38;5;221m0.00%[0m,9523,224,4.98,[38;5;221m0.00%[0m,1750,17,0.38,[38;5;221m0.00%[0m
2019-11-02,45,71741,209,4.64,[38;5;221m0.00%[0m,9747,224,4.98,[38;5;221m0.00%[0m,1767,17,0.38,[38;5;221m0.00%[0m
2019-12-17,45,71950,209,4.64,[38;5;221m0.00%[0m,9971,224,4.98,[38;5;221m0.00%[0m,1784,17,0.38,[38;5;221m0.00%[0m
2020-01-24,38,72159,209,5.50,[38;5;9m+18.5%[0m,10195,224,5.89,[38;5;9m+18.3%[0m,1801,17,0.45,[38;5;9m+18.4%[0m
2020-03-07,43,72368,209,4.86,[38;5;10m-11.6%[0m,10419,224,5.21,[38;5;10m-11.5%[0m,1818,17,0.40,[38;5;10m-11.1%[0m
2020-05-05,59,72659,291,4.93,[38;5;221m+1.44%[0m,10593,174,2.95,[38;5;10m-43.4%[0m,1835,17,0.29,[38;5;10m-27.5%[0m
2020-09-14,132,73122,463,3.51,[38;5;10m-28.8%[0m,10698,105,0.80,[38;5;10m-72.9%[0m,1872,37,0.28,[38;5;221m-3.45%[0m
2020-10-22,38,73289,167,4.39,[38;5;9m+25.1%[0m,10799,101,2.66,[38;5;9m+232.5%[0m,1881,9,0.24,[38;5;10m-14.3%[0m
2021-04-01,161,74184,895,5.56,[38;5;9m+26.7%[0m,11570,771,4.79,[38;5;9m+80.1%[0m,1897,16,0.10,[38;5;10m-58.3%[0m
2021-04-28,27,74312,128,4.74,[38;5;10m-14.7%[0m,11667,97,3.59,[38;5;10m-25.1%[0m,1899,2,0.07,[38;5;10m-30.0%[0m
2021-08-31,125,74728,416,3.33,[38;5;10m-29.7%[0m,11765,98,0.78,[38;5;10m-78.3%[0m,1908,9,0.07,[38;5;221m0.00%[0m
2022-03-22,203,75767,1039,5.12,[38;5;9m+53.8%[0m,12591,826,4.07,[38;5;9m+421.8%[0m,1939,31,0.15,[38;5;9m+114.3%[0m
